1 0.999624 -0.0113023 -0.0250009 0.0251216 0.0106672 0.999627 -0.0110314 -0.999879 0.0109471 
1.1 0.999546 -0.0123539 -0.027491 0.0276346 0.0116086 0.999551 -0.0120293 -0.999856 0.0119448 
1.2 0.999461 -0.01341 -0.0299788 0.0301473 0.0125445 0.999467 -0.0130268 -0.999831 0.012942 
1.3 0.999368 -0.0144705 -0.0324644 0.0326597 0.0134748 0.999376 -0.014024 -0.999804 0.0139389 
1.4 0.999268 -0.0155354 -0.0349477 0.0351719 0.0143995 0.999278 -0.0150209 -0.999776 0.0149353 
1.5 0.999161 -0.0166045 -0.0374287 0.0376837 0.0153185 0.999172 -0.0160174 -0.999745 0.0159313 
1.6 0.999047 -0.0176778 -0.0399073 0.0401951 0.0162318 0.99906 -0.0170134 -0.999712 0.0169269 
1.7 0.998925 -0.0187553 -0.0423837 0.0427061 0.0171394 0.998941 -0.018009 -0.999677 0.017922 
1.8 0.998796 -0.019837 -0.0448576 0.0452167 0.0180413 0.998814 -0.0190042 -0.99964 0.0189165 
1.9 0.99866 -0.0209227 -0.0473292 0.0477269 0.0189374 0.998681 -0.0199988 -0.999602 0.0199106 
2 0.998517 -0.0220124 -0.0497983 0.0502366 0.0198276 0.998541 -0.0209929 -0.999561 0.020904 
2.1 0.998366 -0.023106 -0.0522651 0.0527459 0.0207119 0.998393 -0.0219864 -0.999518 0.0218968 
2.2 0.998208 -0.0242036 -0.0547294 0.0552546 0.0215904 0.998239 -0.0229793 -0.999474 0.0228891 
2.3 0.998042 -0.025305 -0.0571913 0.0577628 0.0224629 0.998078 -0.0239716 -0.999427 0.0238806 
2.4 0.99787 -0.0264102 -0.0596506 0.0602705 0.0233295 0.997909 -0.0249633 -0.999379 0.0248715 
2.5 0.99769 -0.0275191 -0.0621075 0.0627775 0.02419 0.997734 -0.0259544 -0.999329 0.0258617 
2.6 0.997503 -0.0286317 -0.0645619 0.065284 0.0250445 0.997552 -0.0269447 -0.999276 0.0268512 
2.7 0.997308 -0.029748 -0.0670138 0.0677899 0.0258929 0.997364 -0.0279344 -0.999222 0.0278399 
2.8 0.997107 -0.0308679 -0.0694631 0.0702951 0.0267353 0.997168 -0.0289234 -0.999166 0.0288278 
2.9 0.996898 -0.0319913 -0.0719099 0.0727996 0.0275714 0.996965 -0.0299116 -0.999108 0.0298148 
3 0.996682 -0.0331183 -0.0743542 0.0753035 0.0284014 0.996756 -0.0308991 -0.999048 0.0308011 
3.1 0.996458 -0.0342486 -0.0767959 0.0778066 0.0292252 0.99654 -0.0318858 -0.998986 0.0317864 
3.2 0.996228 -0.0353824 -0.0792349 0.0803091 0.0300427 0.996317 -0.0328716 -0.998922 0.0327709 
3.3 0.99599 -0.0365194 -0.0816714 0.0828107 0.0308539 0.996088 -0.0338567 -0.998857 0.0337543 
3.4 0.995745 -0.0376597 -0.0841053 0.0853117 0.0316588 0.995851 -0.0348408 -0.998789 0.0347369 
3.5 0.995493 -0.0388033 -0.0865366 0.0878118 0.0324573 0.995608 -0.0358241 -0.99872 0.0357184 
3.6 0.995233 -0.0399499 -0.0889653 0.0903111 0.0332494 0.995358 -0.0368064 -0.998648 0.0366989 
3.7 0.994967 -0.0410997 -0.0913913 0.0928097 0.0340352 0.995102 -0.0377878 -0.998575 0.0376783 
3.8 0.994693 -0.0422524 -0.0938147 0.0953074 0.0348144 0.994839 -0.0387683 -0.9985 0.0386566 
3.9 0.994412 -0.0434082 -0.0962355 0.0978042 0.0355872 0.994569 -0.0397477 -0.998423 0.0396338 
4 0.994123 -0.0445668 -0.0986536 0.1003 0.0363535 0.994293 -0.040726 -0.998345 0.0406099 
4.1 0.993828 -0.0457282 -0.101069 0.102795 0.0371131 0.99401 -0.0417033 -0.998264 0.0415847 
4.2 0.993525 -0.0468925 -0.103482 0.105289 0.0378662 0.99372 -0.0426795 -0.998182 0.0425584 
4.3 0.993216 -0.0480594 -0.105892 0.107783 0.0386127 0.993424 -0.0436546 -0.998098 0.0435307 
4.4 0.992899 -0.049229 -0.108299 0.110275 0.0393526 0.993122 -0.0446286 -0.998012 0.0445019 
4.5 0.992575 -0.0504013 -0.110704 0.112766 0.0400858 0.992813 -0.0456013 -0.997924 0.0454717 
4.6 0.992243 -0.0515761 -0.113106 0.115256 0.0408124 0.992497 -0.046573 -0.997835 0.0464403 
4.7 0.991905 -0.0527533 -0.115505 0.117746 0.0415322 0.992175 -0.0475434 -0.997744 0.0474075 
4.8 0.99156 -0.0539331 -0.117902 0.120234 0.0422453 0.991846 -0.0485125 -0.997651 0.0483733 
4.9 0.991207 -0.0551152 -0.120295 0.122721 0.0429517 0.991511 -0.0494804 -0.997556 0.0493378 
5 0.990847 -0.0562996 -0.122686 0.125206 0.0436513 0.99117 -0.0504471 -0.997459 0.0503008 
5.1 0.990481 -0.0574863 -0.125074 0.127691 0.0443441 0.990822 -0.0514124 -0.997361 0.0512625 
5.2 0.990107 -0.0586752 -0.12746 0.130175 0.0450301 0.990468 -0.0523764 -0.997261 0.0522226 
5.3 0.989726 -0.0598662 -0.129842 0.132657 0.0457093 0.990107 -0.053339 -0.997159 0.0531813 
5.4 0.989338 -0.0610593 -0.132222 0.135138 0.0463816 0.989741 -0.0543003 -0.997056 0.0541385 
5.5 0.988943 -0.0622545 -0.134598 0.137618 0.047047 0.989367 -0.0552601 -0.996951 0.0550941 
5.6 0.988541 -0.0634516 -0.136972 0.140096 0.0477055 0.988988 -0.0562186 -0.996844 0.0560481 
5.7 0.988131 -0.0646507 -0.139343 0.142574 0.0483571 0.988602 -0.0571756 -0.996736 0.0570006 
5.8 0.987715 -0.0658515 -0.141712 0.145049 0.0490017 0.98821 -0.0581311 -0.996626 0.0579514 
5.9 0.987292 -0.0670542 -0.144077 0.147524 0.0496393 0.987812 -0.0590851 -0.996514 0.0589006 
6 0.986862 -0.0682586 -0.146439 0.149997 0.05027 0.987408 -0.0600375 -0.9964 0.0598481 
6.1 0.986425 -0.0694646 -0.148799 0.152469 0.0508936 0.986997 -0.0609885 -0.996285 0.0607939 
6.2 0.98598 -0.0706722 -0.151156 0.15494 0.0515101 0.98658 -0.0619378 -0.996169 0.0617379 
6.3 0.985529 -0.0718814 -0.15351 0.157409 0.0521197 0.986157 -0.0628855 -0.996051 0.0626802 
6.4 0.985071 -0.0730921 -0.155861 0.159877 0.0527221 0.985728 -0.0638316 -0.995931 0.0636207 
6.5 0.984606 -0.0743041 -0.158209 0.162343 0.0533175 0.985293 -0.064776 -0.995809 0.0645594 
6.6 0.984134 -0.0755176 -0.160554 0.164808 0.0539057 0.984852 -0.0657188 -0.995686 0.0654963 
6.7 0.983655 -0.0767323 -0.162896 0.167271 0.0544868 0.984404 -0.0666599 -0.995562 0.0664313 
6.8 0.983169 -0.0779482 -0.165236 0.169733 0.0550608 0.983951 -0.0675992 -0.995436 0.0673644 
6.9 0.982676 -0.0791653 -0.167573 0.172193 0.0556276 0.983491 -0.0685368 -0.995308 0.0682956 
7 0.982176 -0.0803836 -0.169906 0.174652 0.0561872 0.983026 -0.0694725 -0.995179 0.0692249 
7.1 0.98167 -0.0816028 -0.172237 0.177109 0.0567397 0.982554 -0.0704065 -0.995049 0.0701522 
7.2 0.981156 -0.082823 -0.174565 0.179565 0.0572849 0.982077 -0.0713386 -0.994916 0.0710776 
7.3 0.980636 -0.0840442 -0.176891 0.182019 0.057823 0.981593 -0.0722689 -0.994783 0.0720009 
7.4 0.980108 -0.0852662 -0.179213 0.184472 0.0583538 0.981104 -0.0731973 -0.994648 0.0729222 
7.5 0.979574 -0.0864891 -0.181532 0.186922 0.0588773 0.980609 -0.0741238 -0.994511 0.0738414 
7.6 0.979033 -0.0877127 -0.183849 0.189372 0.0593936 0.980108 -0.0750484 -0.994374 0.0747586 
7.7 0.978485 -0.088937 -0.186162 0.191819 0.0599026 0.9796 -0.0759711 -0.994234 0.0756737 
7.8 0.977931 -0.0901619 -0.188473 0.194265 0.0604044 0.979088 -0.0768918 -0.994094 0.0765866 
7.9 0.977369 -0.0913874 -0.190781 0.196709 0.0608988 0.978569 -0.0778105 -0.993952 0.0774974 
8 0.976801 -0.0926134 -0.193086 0.199152 0.061386 0.978044 -0.0787273 -0.993808 0.078406 
8.1 0.976226 -0.0938399 -0.195388 0.201592 0.0618658 0.977514 -0.079642 -0.993663 0.0793124 
8.2 0.975644 -0.0950668 -0.197687 0.204031 0.0623383 0.976978 -0.0805547 -0.993517 0.0802166 
8.3 0.975056 -0.096294 -0.199983 0.206468 0.0628035 0.976436 -0.0814653 -0.99337 0.0811186 
8.4 0.974461 -0.0975215 -0.202276 0.208904 0.0632612 0.975888 -0.0823738 -0.993221 0.0820182 
8.5 0.973859 -0.0987492 -0.204567 0.211337 0.0637117 0.975335 -0.0832802 -0.993071 0.0829155 
8.6 0.97325 -0.0999771 -0.206854 0.213769 0.0641547 0.974775 -0.0841845 -0.992919 0.0838106 
8.7 0.972635 -0.101205 -0.209139 0.216198 0.0645904 0.974211 -0.0850867 -0.992767 0.0847032 
8.8 0.972013 -0.102433 -0.21142 0.218626 0.0650186 0.97364 -0.0859866 -0.992613 0.0855935 
8.9 0.971384 -0.103661 -0.213699 0.221052 0.0654395 0.973064 -0.0868843 -0.992458 0.0864813 
9 0.970749 -0.104889 -0.215975 0.223476 0.0658529 0.972482 -0.0877798 -0.992301 0.0873667 
9.1 0.970107 -0.106116 -0.218248 0.225898 0.0662589 0.971895 -0.088673 -0.992144 0.0882497 
9.2 0.969458 -0.107344 -0.220518 0.228318 0.0666574 0.971302 -0.0895639 -0.991985 0.0891301 
9.3 0.968803 -0.108571 -0.222786 0.230737 0.0670485 0.970703 -0.0904525 -0.991825 0.0900081 
9.4 0.968141 -0.109797 -0.22505 0.233153 0.0674322 0.970099 -0.0913388 -0.991664 0.0908835 
9.5 0.967473 -0.111024 -0.227312 0.235567 0.0678084 0.96949 -0.0922227 -0.991502 0.0917563 
9.6 0.966798 -0.11225 -0.22957 0.237979 0.0681772 0.968874 -0.0931043 -0.991338 0.0926266 
9.7 0.966116 -0.113475 -0.231826 0.240389 0.0685386 0.968254 -0.0939835 -0.991174 0.0934944 
9.8 0.965428 -0.1147 -0.234079 0.242798 0.0688925 0.967628 -0.0948602 -0.991008 0.0943595 
9.9 0.964733 -0.115924 -0.236329 0.245204 0.0692389 0.966996 -0.0957345 -0.990842 0.095222 
10 0.964032 -0.117147 -0.238577 0.247608 0.0695779 0.966359 -0.0966064 -0.990674 0.0960818 
10.1 0.963324 -0.11837 -0.240821 0.250009 0.0699095 0.965716 -0.0974758 -0.990506 0.096939 
10.2 0.96261 -0.119591 -0.243063 0.252409 0.0702336 0.965068 -0.0983426 -0.990336 0.0977935 
10.3 0.96189 -0.120812 -0.245302 0.254807 0.0705503 0.964415 -0.0992069 -0.990165 0.0986453 
10.4 0.961162 -0.122032 -0.247538 0.257202 0.0708595 0.963756 -0.100069 -0.989993 0.0994944 
10.5 0.960429 -0.123251 -0.249771 0.259595 0.0711613 0.963092 -0.100928 -0.989821 0.100341 
10.6 0.959689 -0.124469 -0.252001 0.261987 0.0714557 0.962423 -0.101785 -0.989647 0.101184 
10.7 0.958943 -0.125685 -0.254229 0.264375 0.0717426 0.961748 -0.102639 -0.989473 0.102025 
10.8 0.95819 -0.126901 -0.256453 0.266762 0.072022 0.961068 -0.10349 -0.989297 0.102863 
10.9 0.957431 -0.128115 -0.258675 0.269146 0.0722941 0.960382 -0.104339 -0.989121 0.103698 
11 0.956665 -0.129328 -0.260894 0.271528 0.0725587 0.959691 -0.105185 -0.988944 0.104531 
11.1 0.955893 -0.130539 -0.26311 0.273908 0.0728159 0.958995 -0.106028 -0.988766 0.10536 
11.2 0.955115 -0.13175 -0.265324 0.276286 0.0730656 0.958294 -0.106869 -0.988587 0.106187 
11.3 0.954331 -0.132958 -0.267535 0.278661 0.0733079 0.957588 -0.107707 -0.988407 0.10701 
11.4 0.95354 -0.134165 -0.269742 0.281034 0.0735428 0.956876 -0.108542 -0.988226 0.107831 
11.5 0.952743 -0.135371 -0.271948 0.283404 0.0737703 0.956159 -0.109374 -0.988045 0.108649 
11.6 0.95194 -0.136574 -0.27415 0.285773 0.0739903 0.955437 -0.110204 -0.987863 0.109464 
11.7 0.95113 -0.137776 -0.27635 0.288138 0.074203 0.954709 -0.111031 -0.98768 0.110275 
11.8 0.950314 -0.138977 -0.278547 0.290502 0.0744082 0.953977 -0.111855 -0.987496 0.111084 
11.9 0.949492 -0.140175 -0.280741 0.292863 0.0746059 0.953239 -0.112676 -0.987312 0.11189 
12 0.948664 -0.141372 -0.282932 0.295222 0.0747963 0.952497 -0.113494 -0.987127 0.112693 
12.1 0.94783 -0.142566 -0.285121 0.297578 0.0749793 0.951749 -0.114309 -0.986941 0.113492 
12.2 0.946989 -0.143759 -0.287307 0.299932 0.0751548 0.950996 -0.115121 -0.986755 0.114289 
12.3 0.946142 -0.144949 -0.289491 0.302283 0.075323 0.950238 -0.115931 -0.986568 0.115082 
12.4 0.945289 -0.146138 -0.291671 0.304632 0.0754838 0.949474 -0.116737 -0.98638 0.115872 
12.5 0.94443 -0.147324 -0.293849 0.306979 0.0756372 0.948706 -0.117541 -0.986192 0.116659 
12.6 0.943565 -0.148508 -0.296025 0.309323 0.0757833 0.947933 -0.118341 -0.986003 0.117443 
12.7 0.942694 -0.149689 -0.298198 0.311664 0.0759219 0.947154 -0.119139 -0.985814 0.118224 
12.8 0.941816 -0.150868 -0.300368 0.314003 0.0760533 0.946371 -0.119933 -0.985624 0.119001 
12.9 0.940933 -0.152045 -0.302535 0.31634 0.0761773 0.945582 -0.120725 -0.985434 0.119776 
13 0.940043 -0.153219 -0.3047 0.318674 0.076294 0.944789 -0.121513 -0.985243 0.120547 
13.1 0.939148 -0.154391 -0.306863 0.321005 0.0764034 0.943991 -0.122298 -0.985051 0.121314 
13.2 0.938246 -0.15556 -0.309022 0.323334 0.0765055 0.943187 -0.12308 -0.984859 0.122079 
13.3 0.937339 -0.156726 -0.31118 0.325661 0.0766003 0.942379 -0.123859 -0.984667 0.12284 
13.4 0.936425 -0.15789 -0.313334 0.327984 0.0766878 0.941565 -0.124635 -0.984474 0.123598 
13.5 0.935506 -0.159051 -0.315486 0.330306 0.0767681 0.940747 -0.125407 -0.984281 0.124352 
13.6 0.93458 -0.160209 -0.317636 0.332624 0.0768411 0.939924 -0.126177 -0.984088 0.125104 
13.7 0.933649 -0.161364 -0.319783 0.33494 0.0769069 0.939096 -0.126943 -0.983894 0.125851 
13.8 0.932712 -0.162516 -0.321927 0.337253 0.0769655 0.938263 -0.127706 -0.983699 0.126596 
13.9 0.931769 -0.163666 -0.324069 0.339564 0.0770169 0.937425 -0.128466 -0.983505 0.127337 
14 0.93082 -0.164812 -0.326208 0.341872 0.0770611 0.936582 -0.129222 -0.98331 0.128075 
14.1 0.929865 -0.165955 -0.328344 0.344177 0.0770982 0.935734 -0.129975 -0.983115 0.128809 
14.2 0.928904 -0.167095 -0.330478 0.346479 0.0771281 0.934882 -0.130725 -0.982919 0.12954 
14.3 0.927938 -0.168232 -0.33261 0.348779 0.0771509 0.934024 -0.131471 -0.982724 0.130267 
14.4 0.926966 -0.169365 -0.334739 0.351076 0.0771665 0.933162 -0.132215 -0.982528 0.130991 
14.5 0.925987 -0.170496 -0.336866 0.35337 0.0771751 0.932295 -0.132954 -0.982332 0.131711 
14.6 0.925004 -0.171622 -0.33899 0.355662 0.0771765 0.931423 -0.133691 -0.982135 0.132428 
14.7 0.924014 -0.172746 -0.341112 0.35795 0.0771709 0.930546 -0.134424 -0.981939 0.133141 
14.8 0.923019 -0.173866 -0.343231 0.360236 0.0771582 0.929665 -0.135154 -0.981742 0.133851 
14.9 0.922017 -0.174982 -0.345348 0.36252 0.0771385 0.928778 -0.13588 -0.981545 0.134557 
15 0.921011 -0.176095 -0.347462 0.3648 0.0771117 0.927887 -0.136603 -0.981348 0.13526 
15.1 0.919998 -0.177204 -0.349574 0.367078 0.077078 0.926991 -0.137322 -0.981151 0.135959 
15.2 0.91898 -0.17831 -0.351684 0.369353 0.0770373 0.926091 -0.138038 -0.980954 0.136655 
15.3 0.917956 -0.179411 -0.353791 0.371625 0.0769896 0.925185 -0.13875 -0.980757 0.137347 
15.4 0.916926 -0.180509 -0.355896 0.373894 0.076935 0.924275 -0.139459 -0.98056 0.138035 
15.5 0.915891 -0.181603 -0.357999 0.376161 0.0768734 0.92336 -0.140165 -0.980363 0.13872 
15.6 0.914851 -0.182694 -0.360099 0.378425 0.076805 0.92244 -0.140866 -0.980165 0.139401 
15.7 0.913804 -0.18378 -0.362197 0.380685 0.0767297 0.921516 -0.141565 -0.979968 0.140078 
15.8 0.912752 -0.184862 -0.364293 0.382943 0.0766476 0.920587 -0.142259 -0.979771 0.140752 
15.9 0.911695 -0.18594 -0.366386 0.385198 0.0765586 0.919653 -0.14295 -0.979574 0.141422 
16 0.910632 -0.187014 -0.368477 0.387451 0.0764629 0.918714 -0.143638 -0.979377 0.142088 
16.1 0.909563 -0.188084 -0.370566 0.3897 0.0763604 0.917771 -0.144321 -0.97918 0.142751 
16.2 0.908489 -0.189149 -0.372652 0.391946 0.0762512 0.916823 -0.145001 -0.978983 0.14341 
16.3 0.90741 -0.190211 -0.374737 0.39419 0.0761352 0.91587 -0.145678 -0.978787 0.144065 
16.4 0.906325 -0.191268 -0.376818 0.39643 0.0760125 0.914913 -0.14635 -0.97859 0.144716 
16.5 0.905234 -0.19232 -0.378898 0.398668 0.0758832 0.913951 -0.147019 -0.978394 0.145364 
16.6 0.904138 -0.193368 -0.380975 0.400903 0.0757471 0.912984 -0.147684 -0.978198 0.146008 
16.7 0.903037 -0.194412 -0.383051 0.403134 0.0756044 0.912012 -0.148346 -0.978002 0.146648 
16.8 0.901931 -0.195451 -0.385124 0.405363 0.075455 0.911036 -0.149004 -0.977806 0.147284 
16.9 0.900819 -0.196486 -0.387194 0.407589 0.0752991 0.910056 -0.149657 -0.977611 0.147916 
17 0.899701 -0.197515 -0.389263 0.409812 0.0751365 0.90907 -0.150308 -0.977416 0.148545 
17.1 0.898578 -0.198541 -0.391329 0.412031 0.0749674 0.90808 -0.150954 -0.977221 0.149169 
17.2 0.89745 -0.199561 -0.393393 0.414248 0.0747917 0.907086 -0.151596 -0.977027 0.14979 
17.3 0.896317 -0.200577 -0.395456 0.416462 0.0746095 0.906087 -0.152235 -0.976833 0.150406 
17.4 0.895178 -0.201588 -0.397515 0.418673 0.0744208 0.905083 -0.15287 -0.976639 0.151019 
17.5 0.894034 -0.202594 -0.399573 0.420881 0.0742257 0.904074 -0.153501 -0.976446 0.151628 
17.6 0.892885 -0.203595 -0.401629 0.423085 0.0740242 0.903061 -0.154128 -0.976253 0.152233 
17.7 0.89173 -0.204591 -0.403683 0.425287 0.0738163 0.902043 -0.154751 -0.97606 0.152834 
17.8 0.890571 -0.205582 -0.405734 0.427486 0.073602 0.901021 -0.155371 -0.975868 0.153431 
17.9 0.889406 -0.206568 -0.407784 0.429681 0.0733814 0.899994 -0.155986 -0.975677 0.154024 
18 0.888235 -0.207549 -0.409831 0.431874 0.0731546 0.898962 -0.156598 -0.975485 0.154614 
18.1 0.88706 -0.208525 -0.411876 0.434064 0.0729215 0.897926 -0.157206 -0.975295 0.155199 
18.2 0.885879 -0.209496 -0.413919 0.43625 0.0726822 0.896885 -0.157809 -0.975104 0.15578 
18.3 0.884694 -0.210461 -0.415961 0.438434 0.0724367 0.89584 -0.158409 -0.974915 0.156358 
18.4 0.883503 -0.211422 -0.418 0.440614 0.072185 0.89479 -0.159005 -0.974726 0.156931 
18.5 0.882307 -0.212377 -0.420037 0.442791 0.0719272 0.893735 -0.159597 -0.974537 0.1575 
18.6 0.881105 -0.213326 -0.422072 0.444965 0.0716633 0.892676 -0.160184 -0.974349 0.158066 
18.7 0.879899 -0.214271 -0.424105 0.447136 0.0713933 0.891612 -0.160768 -0.974162 0.158627 
18.8 0.878688 -0.21521 -0.426137 0.449304 0.0711172 0.890544 -0.161348 -0.973975 0.159184 
18.9 0.877472 -0.216143 -0.428166 0.451469 0.0708352 0.889471 -0.161924 -0.973789 0.159738 
19 0.87625 -0.217071 -0.430193 0.453631 0.0705471 0.888393 -0.162495 -0.973603 0.160287 
19.1 0.875024 -0.217993 -0.432218 0.455789 0.0702531 0.887311 -0.163063 -0.973419 0.160832 
19.2 0.873792 -0.218909 -0.434241 0.457945 0.0699531 0.886224 -0.163626 -0.973234 0.161373 
19.3 0.872556 -0.21982 -0.436263 0.460097 0.0696473 0.885133 -0.164186 -0.973051 0.16191 
19.4 0.871315 -0.220725 -0.438282 0.462246 0.0693355 0.884037 -0.164741 -0.972868 0.162442 
19.5 0.870068 -0.221625 -0.4403 0.464392 0.069018 0.882936 -0.165292 -0.972687 0.162971 
19.6 0.868817 -0.222518 -0.442315 0.466535 0.0686946 0.881831 -0.165839 -0.972505 0.163496 
19.7 0.867561 -0.223406 -0.444329 0.468674 0.0683655 0.880722 -0.166382 -0.972325 0.164016 
19.8 0.8663 -0.224288 -0.446341 0.470811 0.0680307 0.879607 -0.16692 -0.972145 0.164532 
19.9 0.865034 -0.225164 -0.448351 0.472944 0.0676902 0.878489 -0.167455 -0.971967 0.165044 
20 0.863763 -0.226033 -0.450359 0.475074 0.0673441 0.877365 -0.167985 -0.971789 0.165552 
20.1 0.862487 -0.226897 -0.452365 0.477201 0.0669923 0.876237 -0.168511 -0.971612 0.166056 
20.2 0.861206 -0.227755 -0.454369 0.479324 0.066635 0.875104 -0.169032 -0.971436 0.166555 
20.3 0.859921 -0.228607 -0.456372 0.481445 0.0662722 0.873967 -0.16955 -0.971261 0.16705 
20.4 0.85863 -0.229452 -0.458373 0.483562 0.0659038 0.872825 -0.170063 -0.971086 0.167541 
20.5 0.857335 -0.230292 -0.460372 0.485676 0.0655301 0.871679 -0.170572 -0.970913 0.168028 
20.6 0.856035 -0.231125 -0.462369 0.487787 0.0651509 0.870528 -0.171077 -0.97074 0.168511 
20.7 0.85473 -0.231952 -0.464364 0.489895 0.0647663 0.869372 -0.171577 -0.970569 0.16899 
20.8 0.853421 -0.232772 -0.466358 0.491999 0.0643763 0.868212 -0.172073 -0.970398 0.169464 
20.9 0.852107 -0.233587 -0.46835 0.494101 0.0639811 0.867047 -0.172565 -0.970229 0.169934 
21 0.850788 -0.234395 -0.470339 0.496198 0.0635807 0.865878 -0.173053 -0.97006 0.1704 
21.1 0.849464 -0.235196 -0.472328 0.498293 0.063175 0.864704 -0.173536 -0.969893 0.170862 
21.2 0.848136 -0.235992 -0.474314 0.500384 0.0627641 0.863525 -0.174015 -0.969726 0.171319 
21.3 0.846803 -0.23678 -0.476298 0.502472 0.0623481 0.862342 -0.174489 -0.969561 0.171772 
21.4 0.845465 -0.237563 -0.478281 0.504557 0.061927 0.861154 -0.17496 -0.969396 0.172221 
21.5 0.844123 -0.238339 -0.480262 0.506639 0.0615008 0.859962 -0.175426 -0.969233 0.172666 
21.6 0.842776 -0.239108 -0.482241 0.508717 0.0610696 0.858765 -0.175887 -0.969071 0.173106 
21.7 0.841424 -0.23987 -0.484219 0.510792 0.0606334 0.857563 -0.176344 -0.96891 0.173542 
21.8 0.840068 -0.240626 -0.486195 0.512864 0.0601922 0.856357 -0.176797 -0.96875 0.173974 
21.9 0.838707 -0.241375 -0.488169 0.514932 0.059746 0.855146 -0.177245 -0.968591 0.174401 
22 0.837341 -0.242118 -0.490141 0.516997 0.059295 0.853931 -0.177689 -0.968433 0.174824 
22.1 0.835971 -0.242853 -0.492112 0.519059 0.0588392 0.852711 -0.178128 -0.968277 0.175243 
22.2 0.834597 -0.243582 -0.494081 0.521118 0.0583785 0.851486 -0.178563 -0.968122 0.175657 
22.3 0.833218 -0.244304 -0.496048 0.523173 0.0579131 0.850257 -0.178993 -0.967968 0.176067 
22.4 0.831834 -0.245019 -0.498014 0.525225 0.057443 0.849023 -0.179419 -0.967815 0.176473 
22.5 0.830446 -0.245727 -0.499978 0.527273 0.0569681 0.847784 -0.179841 -0.967664 0.176874 
22.6 0.829053 -0.246428 -0.50194 0.529319 0.0564886 0.84654 -0.180258 -0.967513 0.177271 
22.7 0.827656 -0.247123 -0.503901 0.531361 0.0560045 0.845292 -0.18067 -0.967364 0.177664 
22.8 0.826254 -0.24781 -0.50586 0.533399 0.0555157 0.84404 -0.181078 -0.967217 0.178052 
22.9 0.824848 -0.24849 -0.507817 0.535435 0.0550225 0.842782 -0.181482 -0.96707 0.178435 
23 0.823437 -0.249164 -0.509773 0.537467 0.0545248 0.84152 -0.181881 -0.966925 0.178815 
23.1 0.822022 -0.24983 -0.511727 0.539495 0.0540226 0.840254 -0.182276 -0.966782 0.17919 
23.2 0.820603 -0.250489 -0.513679 0.541521 0.053516 0.838982 -0.182666 -0.966639 0.17956 
23.3 0.819179 -0.251141 -0.51563 0.543543 0.0530051 0.837706 -0.183051 -0.966498 0.179926 
23.4 0.81775 -0.251786 -0.517579 0.545561 0.0524899 0.836426 -0.183432 -0.966359 0.180288 
23.5 0.816318 -0.252423 -0.519527 0.547576 0.0519705 0.83514 -0.183809 -0.96622 0.180645 
23.6 0.814881 -0.253054 -0.521473 0.549588 0.0514468 0.83385 -0.184181 -0.966083 0.180998 
23.7 0.813439 -0.253677 -0.523417 0.551597 0.0509191 0.832555 -0.184548 -0.965948 0.181347 
23.8 0.811993 -0.254293 -0.525359 0.553602 0.0503872 0.831256 -0.184911 -0.965814 0.181691 
23.9 0.810543 -0.254901 -0.5273 0.555604 0.0498514 0.829951 -0.185269 -0.965681 0.182031 
24 0.809089 -0.255502 -0.529239 0.557602 0.0493116 0.828643 -0.185622 -0.96555 0.182366 
24.1 0.80763 -0.256096 -0.531177 0.559597 0.0487679 0.827329 -0.185971 -0.96542 0.182697 
24.2 0.806167 -0.256682 -0.533113 0.561589 0.0482203 0.82601 -0.186315 -0.965292 0.183023 
24.3 0.804699 -0.257261 -0.535047 0.563577 0.0476689 0.824687 -0.186655 -0.965165 0.183346 
24.4 0.803228 -0.257833 -0.53698 0.565562 0.0471137 0.823359 -0.18699 -0.96504 0.183663 
24.5 0.801752 -0.258397 -0.538911 0.567543 0.0465547 0.822026 -0.18732 -0.964917 0.183976 
24.6 0.800272 -0.258953 -0.540841 0.569521 0.045992 0.820689 -0.187646 -0.964794 0.184285 
24.7 0.798787 -0.259502 -0.542768 0.571496 0.0454255 0.819347 -0.187966 -0.964674 0.18459 
24.8 0.797299 -0.260043 -0.544695 0.573467 0.0448554 0.818 -0.188283 -0.964555 0.184889 
24.9 0.795806 -0.260577 -0.546619 0.575435 0.0442816 0.816648 -0.188594 -0.964437 0.185185 
25 0.794309 -0.261103 -0.548542 0.577399 0.0437043 0.815291 -0.188901 -0.964321 0.185475 
25.1 0.792807 -0.261621 -0.550464 0.57936 0.0431234 0.81393 -0.189204 -0.964207 0.185762 
25.2 0.791302 -0.262132 -0.552384 0.581318 0.0425389 0.812564 -0.189501 -0.964094 0.186043 
25.3 0.789792 -0.262635 -0.554302 0.583272 0.0419511 0.811193 -0.189794 -0.963983 0.18632 
25.4 0.788278 -0.263131 -0.556219 0.585223 0.0413598 0.809817 -0.190083 -0.963873 0.186593 
25.5 0.78676 -0.263618 -0.558134 0.58717 0.0407652 0.808436 -0.190366 -0.963765 0.186861 
25.6 0.785238 -0.264098 -0.560048 0.589114 0.0401673 0.807051 -0.190645 -0.963659 0.187125 
25.7 0.783712 -0.26457 -0.561959 0.591055 0.0395663 0.80566 -0.190919 -0.963554 0.187384 
25.8 0.782181 -0.265035 -0.56387 0.592992 0.038962 0.804265 -0.191189 -0.963451 0.187639 
25.9 0.780647 -0.265491 -0.565778 0.594925 0.0383547 0.802865 -0.191453 -0.96335 0.187889 
26 0.779108 -0.26594 -0.567685 0.596856 0.0377443 0.80146 -0.191713 -0.96325 0.188135 
26.1 0.777565 -0.266381 -0.569591 0.598782 0.037131 0.800051 -0.191969 -0.963152 0.188376 
26.2 0.776019 -0.266814 -0.571494 0.600705 0.0365148 0.798636 -0.192219 -0.963056 0.188612 
26.3 0.774468 -0.267239 -0.573396 0.602625 0.0358957 0.797217 -0.192465 -0.962962 0.188845 
26.4 0.772913 -0.267656 -0.575296 0.604541 0.0352738 0.795792 -0.192706 -0.962869 0.189072 
26.5 0.771354 -0.268065 -0.577195 0.606454 0.034649 0.794363 -0.192942 -0.962778 0.189296 
26.6 0.769791 -0.268466 -0.579092 0.608363 0.0340215 0.792929 -0.193173 -0.962688 0.189514 
26.7 0.768224 -0.268859 -0.580987 0.610269 0.0333913 0.79149 -0.1934 -0.962601 0.189728 
26.8 0.766653 -0.269244 -0.582881 0.612171 0.0327584 0.790046 -0.193621 -0.962515 0.189938 
26.9 0.765078 -0.269622 -0.584773 0.61407 0.0321228 0.788597 -0.193838 -0.96243 0.190143 
27 0.763499 -0.269991 -0.586664 0.615966 0.0314847 0.787144 -0.19405 -0.962348 0.190344 
27.1 0.761916 -0.270352 -0.588552 0.617858 0.0308441 0.785685 -0.194258 -0.962267 0.190539 
27.2 0.760329 -0.270705 -0.59044 0.619746 0.030201 0.784221 -0.19446 -0.962189 0.190731 
27.3 0.758738 -0.271049 -0.592325 0.621631 0.0295554 0.782753 -0.194658 -0.962112 0.190917 
27.4 0.757143 -0.271386 -0.594209 0.623512 0.0289075 0.781279 -0.194851 -0.962036 0.1911 
27.5 0.755544 -0.271714 -0.596091 0.62539 0.0282573 0.7798 -0.195039 -0.961963 0.191277 
27.6 0.753941 -0.272035 -0.597971 0.627265 0.0276048 0.778317 -0.195222 -0.961891 0.19145 
27.7 0.752334 -0.272347 -0.59985 0.629136 0.0269501 0.776828 -0.195401 -0.961822 0.191619 
27.8 0.750724 -0.272651 -0.601727 0.631003 0.0262932 0.775335 -0.195574 -0.961754 0.191782 
27.9 0.749109 -0.272947 -0.603603 0.632867 0.0256342 0.773836 -0.195743 -0.961688 0.191942 
28 0.74749 -0.273234 -0.605476 0.634727 0.0249732 0.772333 -0.195907 -0.961623 0.192097 
28.1 0.745868 -0.273514 -0.607348 0.636584 0.0243103 0.770824 -0.196066 -0.961561 0.192247 
28.2 0.744241 -0.273785 -0.609218 0.638437 0.0236454 0.769311 -0.19622 -0.9615 0.192392 
28.3 0.742611 -0.274048 -0.611086 0.640287 0.0229786 0.767792 -0.19637 -0.961441 0.192533 
28.4 0.740977 -0.274303 -0.612953 0.642133 0.02231 0.766269 -0.196514 -0.961385 0.19267 
28.5 0.739339 -0.274549 -0.614817 0.643976 0.0216396 0.76474 -0.196654 -0.96133 0.192802 
28.6 0.737697 -0.274787 -0.61668 0.645815 0.0209674 0.763206 -0.196789 -0.961276 0.192929 
28.7 0.736052 -0.275017 -0.618541 0.64765 0.0202936 0.761668 -0.196919 -0.961225 0.193052 
28.8 0.734402 -0.275239 -0.620401 0.649482 0.0196181 0.760124 -0.197044 -0.961176 0.19317 
28.9 0.732749 -0.275452 -0.622258 0.65131 0.018941 0.758575 -0.197165 -0.961128 0.193284 
29 0.731092 -0.275657 -0.624114 0.653135 0.0182624 0.757021 -0.19728 -0.961083 0.193393 
29.1 0.729431 -0.275853 -0.625968 0.654956 0.0175823 0.755462 -0.197391 -0.961039 0.193497 
29.2 0.727766 -0.276042 -0.62782 0.656774 0.0169008 0.753898 -0.197497 -0.960997 0.193597 
29.3 0.726097 -0.276222 -0.62967 0.658588 0.0162179 0.752329 -0.197598 -0.960957 0.193692 
29.4 0.724424 -0.276393 -0.631519 0.660399 0.0155336 0.750754 -0.197694 -0.960919 0.193783 
29.5 0.722748 -0.276556 -0.633365 0.662206 0.0148482 0.749175 -0.197785 -0.960883 0.193869 
29.6 0.721068 -0.276711 -0.63521 0.664009 0.0141615 0.74759 -0.197871 -0.960849 0.19395 
29.7 0.719384 -0.276858 -0.637053 0.665809 0.0134736 0.746001 -0.197953 -0.960816 0.194027 
29.8 0.717696 -0.276996 -0.638894 0.667605 0.0127848 0.744406 -0.198029 -0.960786 0.194099 
29.9 0.716005 -0.277125 -0.640733 0.669398 0.0120949 0.742806 -0.198101 -0.960758 0.194167 
30 0.71431 -0.277246 -0.64257 0.671187 0.011404 0.741201 -0.198167 -0.960731 0.19423 
30.1 0.712611 -0.277359 -0.644405 0.672972 0.0107123 0.73959 -0.198229 -0.960707 0.194289 
30.2 0.710908 -0.277463 -0.646238 0.674754 0.0100197 0.737975 -0.198286 -0.960684 0.194343 
30.3 0.709202 -0.277559 -0.648069 0.676532 0.0093264 0.736355 -0.198338 -0.960663 0.194392 
30.4 0.707492 -0.277647 -0.649898 0.678306 0.00863232 0.734729 -0.198385 -0.960644 0.194437 
30.5 0.705778 -0.277726 -0.651726 0.680077 0.00793752 0.733098 -0.198427 -0.960628 0.194477 
30.6 0.70406 -0.277796 -0.653551 0.681844 0.00724207 0.731462 -0.198464 -0.960613 0.194512 
30.7 0.702339 -0.277858 -0.655374 0.683608 0.00654601 0.72982 -0.198496 -0.9606 0.194543 
30.8 0.700614 -0.277912 -0.657195 0.685367 0.00584939 0.728174 -0.198524 -0.960589 0.19457 
30.9 0.698885 -0.277957 -0.659014 0.687124 0.00515226 0.726522 -0.198546 -0.96058 0.194592 
31 0.697153 -0.277994 -0.660831 0.688876 0.00445468 0.724865 -0.198564 -0.960573 0.194609 
31.1 0.695417 -0.278022 -0.662646 0.690625 0.0037567 0.723203 -0.198577 -0.960567 0.194621 
31.2 0.693677 -0.278042 -0.664459 0.69237 0.00305838 0.721536 -0.198585 -0.960564 0.194629 
31.3 0.691933 -0.278053 -0.666269 0.694112 0.00235976 0.719863 -0.198588 -0.960563 0.194633 
31.4 0.690186 -0.278056 -0.668078 0.69585 0.0016609 0.718186 -0.198586 -0.960564 0.194631 
31.5 0.688435 -0.27805 -0.669884 0.697584 0.000961853 0.716503 -0.198579 -0.960566 0.194625 
31.6 0.686681 -0.278036 -0.671689 0.699314 0.000262679 0.714814 -0.198568 -0.960571 0.194615 
31.7 0.684923 -0.278013 -0.673491 0.701041 -0.000436564 0.713121 -0.198551 -0.960577 0.1946 
31.8 0.683161 -0.277982 -0.67529 0.702764 -0.00113581 0.711422 -0.19853 -0.960586 0.19458 
31.9 0.681395 -0.277943 -0.677088 0.704483 -0.001835 0.709718 -0.198503 -0.960596 0.194556 
32 0.679626 -0.277895 -0.678883 0.706199 -0.00253407 0.708009 -0.198472 -0.960608 0.194527 
32.1 0.677854 -0.277838 -0.680677 0.707911 -0.00323295 0.706294 -0.198436 -0.960623 0.194493 
32.2 0.676077 -0.277773 -0.682467 0.709619 -0.0039316 0.704575 -0.198395 -0.960639 0.194455 
32.3 0.674297 -0.277699 -0.684256 0.711323 -0.00462996 0.70285 -0.198349 -0.960657 0.194412 
32.4 0.672514 -0.277617 -0.686042 0.713024 -0.00532799 0.70112 -0.198298 -0.960677 0.194365 
32.5 0.670727 -0.277527 -0.687826 0.714721 -0.00602563 0.699384 -0.198243 -0.960699 0.194313 
32.6 0.668936 -0.277428 -0.689607 0.716414 -0.00672283 0.697643 -0.198182 -0.960723 0.194256 
32.7 0.667142 -0.277321 -0.691386 0.718103 -0.00741954 0.695897 -0.198116 -0.960749 0.194195 
32.8 0.665344 -0.277205 -0.693163 0.719788 -0.0081157 0.694146 -0.198046 -0.960777 0.194129 
32.9 0.663542 -0.27708 -0.694938 0.72147 -0.00881124 0.692389 -0.197971 -0.960806 0.194059 
33 0.661737 -0.276948 -0.696709 0.723148 -0.00950612 0.690627 -0.197891 -0.960838 0.193984 
33.1 0.659928 -0.276806 -0.698479 0.724822 -0.0102003 0.68886 -0.197806 -0.960872 0.193904 
33.2 0.658116 -0.276657 -0.700246 0.726493 -0.0108936 0.687088 -0.197716 -0.960907 0.19382 
33.3 0.6563 -0.276499 -0.70201 0.728159 -0.0115861 0.68531 -0.197621 -0.960944 0.193731 
33.4 0.654481 -0.276332 -0.703772 0.729822 -0.0122778 0.683527 -0.197521 -0.960984 0.193638 
33.5 0.652658 -0.276157 -0.705532 0.731481 -0.0129685 0.681738 -0.197417 -0.961025 0.19354 
33.6 0.650831 -0.275974 -0.707289 0.733136 -0.0136582 0.679945 -0.197307 -0.961068 0.193437 
33.7 0.649001 -0.275782 -0.709043 0.734788 -0.0143468 0.678146 -0.197193 -0.961113 0.19333 
33.8 0.647167 -0.275582 -0.710795 0.736435 -0.0150344 0.676341 -0.197074 -0.96116 0.193218 
33.9 0.64533 -0.275373 -0.712544 0.738079 -0.0157208 0.674532 -0.19695 -0.961209 0.193102 
34 0.643489 -0.275156 -0.71429 0.739718 -0.0164059 0.672717 -0.196821 -0.96126 0.192981 
34.1 0.641645 -0.274931 -0.716034 0.741354 -0.0170898 0.670896 -0.196687 -0.961312 0.192856 
34.2 0.639797 -0.274697 -0.717775 0.742986 -0.0177723 0.669071 -0.196548 -0.961367 0.192726 
34.3 0.637946 -0.274455 -0.719514 0.744614 -0.0184534 0.66724 -0.196405 -0.961423 0.192591 
34.4 0.636091 -0.274205 -0.721249 0.746239 -0.0191331 0.665403 -0.196257 -0.961481 0.192452 
34.5 0.634232 -0.273946 -0.722982 0.747859 -0.0198113 0.663562 -0.196103 -0.961541 0.192308 
34.6 0.63237 -0.273679 -0.724712 0.749475 -0.0204879 0.661715 -0.195945 -0.961603 0.19216 
34.7 0.630505 -0.273404 -0.72644 0.751088 -0.0211629 0.659863 -0.195782 -0.961667 0.192007 
34.8 0.628636 -0.27312 -0.728164 0.752697 -0.0218363 0.658005 -0.195615 -0.961732 0.191849 
34.9 0.626763 -0.272828 -0.729886 0.754301 -0.022508 0.656143 -0.195442 -0.9618 0.191687 
35 0.624887 -0.272528 -0.731604 0.755902 -0.0231778 0.654274 -0.195265 -0.961869 0.191521 
35.1 0.623008 -0.272219 -0.73332 0.757499 -0.0238458 0.652401 -0.195083 -0.96194 0.19135 
35.2 0.621125 -0.271902 -0.735033 0.759091 -0.024512 0.650522 -0.194896 -0.962013 0.191174 
35.3 0.619238 -0.271577 -0.736743 0.76068 -0.0251762 0.648638 -0.194704 -0.962087 0.190994 
35.4 0.617348 -0.271244 -0.73845 0.762265 -0.0258384 0.646749 -0.194507 -0.962164 0.190809 
35.5 0.615455 -0.270903 -0.740153 0.763846 -0.0264985 0.644854 -0.194306 -0.962242 0.190619 
35.6 0.613558 -0.270553 -0.741854 0.765423 -0.0271566 0.642954 -0.1941 -0.962322 0.190425 
35.7 0.611657 -0.270195 -0.743552 0.766996 -0.0278125 0.641049 -0.193888 -0.962404 0.190227 
35.8 0.609754 -0.269829 -0.745247 0.768565 -0.0284662 0.639139 -0.193673 -0.962487 0.190024 
35.9 0.607846 -0.269455 -0.746938 0.770129 -0.0291177 0.637223 -0.193452 -0.962573 0.189816 
36 0.605935 -0.269073 -0.748627 0.77169 -0.0297668 0.635302 -0.193226 -0.96266 0.189604 
36.1 0.604021 -0.268682 -0.750312 0.773247 -0.0304135 0.633375 -0.192996 -0.962749 0.189387 
36.2 0.602104 -0.268283 -0.751994 0.7748 -0.0310578 0.631444 -0.192761 -0.962839 0.189166 
36.3 0.600182 -0.267877 -0.753673 0.776348 -0.0316997 0.629507 -0.192521 -0.962932 0.18894 
36.4 0.598258 -0.267462 -0.755349 0.777893 -0.032339 0.627564 -0.192277 -0.963026 0.18871 
36.5 0.59633 -0.267039 -0.757021 0.779433 -0.0329757 0.625617 -0.192027 -0.963121 0.188475 
36.6 0.594398 -0.266608 -0.75869 0.78097 -0.0336098 0.623664 -0.191773 -0.963219 0.188235 
36.7 0.592463 -0.266169 -0.760356 0.782502 -0.0342412 0.621706 -0.191514 -0.963318 0.187991 
36.8 0.590525 -0.265722 -0.762018 0.78403 -0.0348699 0.619743 -0.191251 -0.963419 0.187743 
36.9 0.588583 -0.265267 -0.763677 0.785554 -0.0354958 0.617774 -0.190983 -0.963521 0.18749 
37 0.586638 -0.264805 -0.765333 0.787074 -0.0361189 0.6158 -0.19071 -0.963625 0.187232 
37.1 0.584689 -0.264334 -0.766985 0.78859 -0.036739 0.613821 -0.190432 -0.963731 0.18697 
37.2 0.582737 -0.263855 -0.768634 0.790101 -0.0373562 0.611837 -0.19015 -0.963839 0.186704 
37.3 0.580782 -0.263369 -0.770279 0.791609 -0.0379704 0.609847 -0.189863 -0.963948 0.186433 
37.4 0.578823 -0.262874 -0.77192 0.793112 -0.0385816 0.607852 -0.189571 -0.964058 0.186157 
37.5 0.576861 -0.262372 -0.773558 0.794611 -0.0391896 0.605853 -0.189274 -0.964171 0.185877 
37.6 0.574895 -0.261862 -0.775193 0.796106 -0.0397945 0.603847 -0.188973 -0.964284 0.185593 
37.7 0.572926 -0.261345 -0.776824 0.797597 -0.0403961 0.601837 -0.188667 -0.9644 0.185304 
37.8 0.570953 -0.260819 -0.778451 0.799083 -0.0409945 0.599821 -0.188357 -0.964517 0.18501 
37.9 0.568977 -0.260286 -0.780074 0.800565 -0.0415895 0.5978 -0.188042 -0.964636 0.184712 
38 0.566998 -0.259745 -0.781694 0.802043 -0.0421812 0.595774 -0.187722 -0.964756 0.18441 
38.1 0.565015 -0.259196 -0.78331 0.803517 -0.0427694 0.593743 -0.187398 -0.964877 0.184103 
38.2 0.563029 -0.25864 -0.784923 0.804987 -0.0433541 0.591707 -0.187068 -0.965001 0.183792 
38.3 0.56104 -0.258075 -0.786531 0.806452 -0.0439352 0.589665 -0.186735 -0.965125 0.183476 
38.4 0.559047 -0.257504 -0.788136 0.807913 -0.0445127 0.587618 -0.186396 -0.965251 0.183156 
38.5 0.55705 -0.256924 -0.789737 0.80937 -0.0450866 0.585567 -0.186053 -0.965379 0.182831 
38.6 0.555051 -0.256338 -0.791334 0.810822 -0.0456568 0.58351 -0.185705 -0.965508 0.182502 
38.7 0.553048 -0.255743 -0.792927 0.81227 -0.0462233 0.581447 -0.185353 -0.965639 0.182169 
38.8 0.551042 -0.255141 -0.794516 0.813714 -0.0467859 0.57938 -0.184996 -0.965771 0.181831 
38.9 0.549032 -0.254532 -0.796102 0.815153 -0.0473447 0.577308 -0.184634 -0.965905 0.181489 
39 0.547019 -0.253915 -0.797683 0.816588 -0.0478996 0.57523 -0.184268 -0.96604 0.181142 
39.1 0.545002 -0.253291 -0.79926 0.818018 -0.0484505 0.573148 -0.183898 -0.966176 0.180791 
39.2 0.542983 -0.252659 -0.800833 0.819445 -0.0489974 0.57106 -0.183522 -0.966314 0.180435 
39.3 0.54096 -0.25202 -0.802402 0.820866 -0.0495403 0.568968 -0.183142 -0.966453 0.180075 
39.4 0.538933 -0.251373 -0.803967 0.822284 -0.050079 0.56687 -0.182758 -0.966594 0.179711 
39.5 0.536904 -0.25072 -0.805527 0.823696 -0.0506137 0.564768 -0.182369 -0.966736 0.179342 
39.6 0.534871 -0.250058 -0.807084 0.825105 -0.0511441 0.56266 -0.181975 -0.966879 0.178969 
39.7 0.532835 -0.24939 -0.808636 0.826509 -0.0516703 0.560547 -0.181577 -0.967024 0.178591 
39.8 0.530795 -0.248714 -0.810184 0.827908 -0.0521922 0.55843 -0.181175 -0.96717 0.178209 
39.9 0.528752 -0.248032 -0.811728 0.829304 -0.0527098 0.556307 -0.180768 -0.967317 0.177823 
40 0.526706 -0.247342 -0.813267 0.830694 -0.053223 0.554179 -0.180356 -0.967465 0.177432 
40.1 0.524656 -0.246644 -0.814802 0.83208 -0.0537318 0.552047 -0.17994 -0.967615 0.177037 
40.2 0.522603 -0.24594 -0.816333 0.833462 -0.0542361 0.549909 -0.179519 -0.967766 0.176638 
40.3 0.520547 -0.245229 -0.817859 0.834839 -0.0547359 0.547767 -0.179094 -0.967919 0.176234 
40.4 0.518488 -0.24451 -0.819381 0.836211 -0.0552312 0.545619 -0.178665 -0.968072 0.175826 
40.5 0.516425 -0.243785 -0.820898 0.837579 -0.0557218 0.543467 -0.178231 -0.968227 0.175413 
40.6 0.514359 -0.243052 -0.822411 0.838943 -0.0562078 0.54131 -0.177792 -0.968383 0.174996 
40.7 0.51229 -0.242313 -0.82392 0.840301 -0.056689 0.539147 -0.17735 -0.968541 0.174575 
40.8 0.510217 -0.241567 -0.825424 0.841656 -0.0571655 0.53698 -0.176902 -0.968699 0.174149 
40.9 0.508141 -0.240814 -0.826923 0.843005 -0.0576372 0.534809 -0.176451 -0.968858 0.173719 
41 0.506062 -0.240054 -0.828417 0.84435 -0.0581041 0.532632 -0.175995 -0.969019 0.173285 
41.1 0.50398 -0.239287 -0.829907 0.84569 -0.058566 0.530451 -0.175534 -0.969181 0.172846 
41.2 0.501894 -0.238513 -0.831393 0.847026 -0.059023 0.528264 -0.175069 -0.969344 0.172404 
41.3 0.499805 -0.237733 -0.832873 0.848357 -0.059475 0.526073 -0.1746 -0.969508 0.171957 
41.4 0.497713 -0.236946 -0.834349 0.849683 -0.0599219 0.523877 -0.174127 -0.969673 0.171505 
41.5 0.495618 -0.236153 -0.83582 0.851005 -0.0603638 0.521677 -0.173649 -0.969839 0.17105 
41.6 0.493519 -0.235353 -0.837286 0.852322 -0.0608006 0.519472 -0.173167 -0.970006 0.17059 
41.7 0.491417 -0.234546 -0.838748 0.853634 -0.0612322 0.517262 -0.17268 -0.970175 0.170126 
41.8 0.489312 -0.233733 -0.840204 0.854941 -0.0616586 0.515047 -0.172189 -0.970344 0.169658 
41.9 0.487203 -0.232913 -0.841656 0.856244 -0.0620797 0.512828 -0.171694 -0.970514 0.169185 
42 0.485092 -0.232087 -0.843102 0.857542 -0.0624955 0.510604 -0.171195 -0.970685 0.168708 
42.1 0.482977 -0.231254 -0.844544 0.858835 -0.062906 0.508375 -0.170691 -0.970857 0.168227 
42.2 0.480859 -0.230415 -0.845981 0.860123 -0.0633111 0.506142 -0.170183 -0.971031 0.167742 
42.3 0.478738 -0.22957 -0.847412 0.861407 -0.0637108 0.503904 -0.169671 -0.971205 0.167253 
42.4 0.476613 -0.228719 -0.848839 0.862686 -0.064105 0.501661 -0.169154 -0.97138 0.166759 
42.5 0.474486 -0.227861 -0.85026 0.863959 -0.0644937 0.499414 -0.168633 -0.971555 0.166261 
42.6 0.472355 -0.226997 -0.851677 0.865228 -0.0648769 0.497163 -0.168108 -0.971732 0.165759 
42.7 0.470221 -0.226127 -0.853088 0.866492 -0.0652544 0.494907 -0.167579 -0.97191 0.165253 
42.8 0.468084 -0.22525 -0.854494 0.867752 -0.0656263 0.492646 -0.167046 -0.972088 0.164743 
42.9 0.465944 -0.224368 -0.855895 0.869006 -0.0659926 0.490381 -0.166508 -0.972268 0.164228 
43 0.4638 -0.223479 -0.85729 0.870255 -0.0663531 0.488112 -0.165967 -0.972448 0.163709 
43.1 0.461654 -0.222585 -0.85868 0.8715 -0.0667078 0.485838 -0.165421 -0.972629 0.163186 
43.2 0.459504 -0.221684 -0.860065 0.872739 -0.0670567 0.48356 -0.164871 -0.97281 0.162659 
43.3 0.457351 -0.220778 -0.861445 0.873974 -0.0673998 0.481277 -0.164316 -0.972993 0.162128 
43.4 0.455196 -0.219865 -0.862819 0.875203 -0.0677369 0.47899 -0.163758 -0.973176 0.161593 
43.5 0.453037 -0.218947 -0.864188 0.876427 -0.0680682 0.476699 -0.163195 -0.97336 0.161054 
43.6 0.450874 -0.218023 -0.865551 0.877647 -0.0683935 0.474403 -0.162629 -0.973544 0.16051 
43.7 0.448709 -0.217093 -0.866909 0.878861 -0.0687128 0.472103 -0.162058 -0.973729 0.159963 
43.8 0.446541 -0.216158 -0.868261 0.880071 -0.0690261 0.469799 -0.161483 -0.973915 0.159411 
43.9 0.444369 -0.215217 -0.869608 0.881275 -0.0693333 0.46749 -0.160905 -0.974102 0.158856 
44 0.442195 -0.21427 -0.870949 0.882474 -0.0696344 0.465178 -0.160322 -0.974289 0.158296 
44.1 0.440017 -0.213318 -0.872284 0.883668 -0.0699294 0.462861 -0.159735 -0.974477 0.157732 
44.2 0.437836 -0.212361 -0.873614 0.884857 -0.0702181 0.46054 -0.159144 -0.974665 0.157165 
44.3 0.435653 -0.211398 -0.874939 0.886041 -0.0705006 0.458215 -0.158549 -0.974854 0.156593 
44.4 0.433466 -0.210429 -0.876257 0.88722 -0.0707769 0.455885 -0.15795 -0.975044 0.156017 
44.5 0.431276 -0.209455 -0.87757 0.888393 -0.0710469 0.453552 -0.157348 -0.975234 0.155438 
